24672283.547 13:43:32 13 43 32 2.2400e-09 mbar
24672288.553 13:48:33 13 48 33 2.2300e-09 mbar
24672293.559 13:53:33 13 53 33 2.2100e-09 mbar
24672298.563 13:58:33 13 58 33 2.2600e-09 mbar
24672303.569 14:03:34 14 03 34 2.2300e-09 mbar
24672308.574 14:08:34 14 08 34 2.2500e-09 mbar
24672313.580 14:13:34 14 13 34 2.2200e-09 mbar
24672318.586 14:18:35 14 18 35 2.2400e-09 mbar
24672323.592 14:23:35 14 23 35 2.2600e-09 mbar
24672328.597 14:28:35 14 28 35 2.2500e-09 mbar
24672333.603 14:33:36 14 33 36 2.2400e-09 mbar
24672338.609 14:38:36 14 38 36 2.2700e-09 mbar
24672343.616 14:43:36 14 43 36 2.2200e-09 mbar
24672348.620 14:48:37 14 48 37 2.2300e-09 mbar
24672353.625 14:53:37 14 53 37 2.2100e-09 mbar
24672358.631 14:58:37 14 58 37 2.2400e-09 mbar
24672363.635 15:03:38 15 03 38 2.2100e-09 mbar
24672368.640 15:08:38 15 08 38 2.2200e-09 mbar
24672373.646 15:13:38 15 13 38 2.2100e-09 mbar
24672378.651 15:18:39 15 18 39 2.2400e-09 mbar
24672383.657 15:23:39 15 23 39 2.1900e-09 mbar
24672388.663 15:28:39 15 28 39 2.2500e-09 mbar
24672393.669 15:33:40 15 33 40 2.2600e-09 mbar
24672398.675 15:38:40 15 38 40 2.3000e-09 mbar
24672403.680 15:43:40 15 43 40 2.2800e-09 mbar
24672408.686 15:48:41 15 48 41 2.2900e-09 mbar
24672413.690 15:53:41 15 53 41 2.3000e-09 mbar
24672418.695 15:58:41 15 58 41 2.2400e-09 mbar
24672423.701 16:03:42 16 03 42 2.2300e-09 mbar
24672428.707 16:08:42 16 08 42 2.2500e-09 mbar
24672433.712 16:13:42 16 13 42 2.2400e-09 mbar
24672438.718 16:18:43 16 18 43 2.2500e-09 mbar
24672443.724 16:23:43 16 23 43 2.2400e-09 mbar
24672448.729 16:28:43 16 28 43 2.2300e-09 mbar
24672453.733 16:33:43 16 33 43 2.2100e-09 mbar
24672458.738 16:38:44 16 38 44 2.2300e-09 mbar
24672463.742 16:43:44 16 43 44 2.2300e-09 mbar
24672468.747 16:48:44 16 48 44 2.2200e-09 mbar
24672473.751 16:53:45 16 53 45 2.2000e-09 mbar
24672478.756 16:58:45 16 58 45 2.2000e-09 mbar
24672483.762 17:03:45 17 03 45 2.2300e-09 mbar
24672488.766 17:08:45 17 08 45 2.2100e-09 mbar
